364

Q· 1161066 39, 18 6611,
1166100 ,11110161 150. ἕζζῧῖἰ {33¹ 30.

311211215221121 1112. . , Β66611106016111004.
611160 auus 12111601611115. nector-Iohannes Bona>¹⁴⁸

2⁴²· -110100 Bona 19.
1³· 1161113111

1160610 313. 314. 316. 328. - 1011666οε (01016 211.

11610611016111610 aurifex 36 - ,11001666 1461016160 31.

11600661 116100 281. —- 101166. Pauli Gondola 35.

11611ἰο11611 Nadigne nepos 65. — 101166. 111001. 11066016 31.

1161116011011 111106 30. - Nicolaus 1110110 40.

- (1661616161 53. - 1011666οε 1106643.

11601666 Cursor 242. - Laurencius 10106016.

11610661 116061111160016) 1411. 200. - 1110016 3016050.

116600661011 00110666 de 111060 3110. - Petrus Ragnina 55.

1161100 aurifex 38. 143. - Marinus 11000 56.

11660666 16110143. - Marinus Βο66 61.

11600600 211, - Marinus ,110600 63.

1166061011 16001161 et 116100 105. - savinus Bonda 611.

1161101116 1011. 1101601116 de 116110 - 111001611611066 16.

11. - 1011666οε 001016 82.

- ,116100 150, 262. 261. - ,11001666 861606 85.

116116166116111066 (Andre) 12. 26. - 101166. Ρ6611110611016 100,
31. 124. 261. 214. 286. 281. - 11611101111160611 116.

-1116110 19. 44. 81. 116. 125. - ,11001666 1361016160 1211.
163. 186. 2111. 226. 236. 241. 251. -— Blasius 116116110 131.

- ,1661116 Marini 45. - ,11001660116110 144.

- 166166 Petri 261. - 1661060166 10106610 150.

- Marinus 11161001 152. 182. 244. — ,1011611606 11066 158.

- ,116100 1116110 44. 41. 124. 244. - ,16001166 110610 161.
261. 210. - ‚lohannes 'l'udisi 183.

- ,1161110611 ,1161161 13. 14. 11. 40. - 111011. 16611 110116 201.
125. 140. 226. 322. - 31001666 11111006 2110.

- ,11001666 291. - 101166. Pauli 1106110111 220.

-· ,1101111111 11. -- Vita 501110 226.

- 1116011013. 15. 23. 33. 114. 185. - ,11001661 1610161011 234.
11111. 2011. 201, 218. 226. 232. - Andreas 80166 2311.
2114252213,2152862811. 311. - Ι1611666 1106116 241.

-- Petrus 11. 211. 231. 25. 3111, 411. - Δ1100166680100 242.

115, 631. 05. 101. 1111. 115120. - 11001666 1111016100 242.
136. 153. 162. 311. 3111. ·- ‚Iacobus 11001010 241.

-- 51610 2111. - Nicolu 1111110, 2411.

116606 110 1661106 63. - 1661060166 10101000 21111.

1166011110 111νο 1113. 1114. - ,1111116 ‚lunii ,110600 2511.

1166616 30. 12. 11. 111. 84. 81. 110. - 11161166160116266.

1311, 153. 161. 188, 211. 300. -.46(11066110600.16214.

1161011110· 63. - Petrus Hel. 006116 211.

 

