112 Α. 1361.

nt 0110 noy 0010 10 (11111 0110010 10001110 0110 01010101011100010 101110
o 1000011101, quanto 0000010100( 01111, 00110 011 (1111 1100111 1111111101. 111
0110111110 nostro Signor 11100001 1010110111001110 00100011010111000, non
0011001000οἰ 10010 0101· 1011101110 00010 (0001000000. E 00100 010000 0
1110000110 11000, 0110 001110 010 Signoria (10 1000010, 0110 (101110 0000100101
010 0110 0000101110 (1010 001100 0110 001100 (101110 010010 10100001 (1010 00-
0110 01100110011010000110000110, 0110 10010010 0011110 11 101111101 (1010110-
0110 Signor 01 000111. 0110 01001010 troppo 0 11100001 10 10, 101000 (10 10 (01οΙ
o 10 queste 00110110 1101100110 1010 0110 110001· 01 00110010, 01 noy 1101010
(10 po 0010010011110010 0110110011. 111000110 1110000110 Βο110 (101110 00111010
1 1011010 000110101110 0000010001 (10001110 (1011000110 presenti 01 futuri,
quanto 0 0000110110οἰ 01111 000010001 (10 01110 01010111 (10 gotie: 0110 001 honor
110 11100001 10 10 (10111000 1101010010100010 100010001110 101100110 (1010 00-
10110(ἰο 1100000 (1010000110 signor 1000001 1010, 10 (0101 01010 servizio
00011011 10101101 (10 (00000110 1001000111.
¹ Anehoro ‹lyray 0100001 10 Bono, 01101111100010 1000011110 (10 na-

01100 000010 000010001110 10 0100 0110 (111000 101010 01000010 01100000.

0101100110 10001010010 00111 grande 11101110. ,

11001101011100 01110000( 10 Bono 0110 10 0010 (10 10001010, abiendo
100110101010 01 guasto 1010 10 000110 00010110 00 00111. 11100100 00 00 no·
stri vieini niente di 100110 (0000100011 00110 00110 (10101 (11000110 001· 11110
10000110 00111010 01 1001 gron (10000 (10 1101110111 01 (10 01110 00000.

11001101010 01100101101110 0110 001101000110, quanto porey, (10111 1101010
01110 0100001· 10 Bono 0010101 10 merendo (10 Νο1001ο 001 uno anno 001·
10 melior 010110 (11000100, 01011101101111011 001 10 (1110 1110100110 tin 11111
0011111110 (10011011 111110 Ι10 0000. Et ordene, 0011100100, 011000 1011110
1110100110 00 00101110011011 001-(10001110 rinno, 0110 messer 10 Βο00 000
11010 posse 1011010, no montore 01110 questo 010110, 011010 (10101001010010
110110. nt se 10 (1110 1110100110 000 00 0010 100011011 0011. 0111000110, 0110
10 0000111100 refutare liberamento in 10000 (10 0100001 10 Bono.

1011. 000110100111100 (1110-811101. 30 - (cfr. 11101. 1111110. 1100. 23).

1110111011 11000011. 110100 febro (10 1111101100, 111 minori 00001110,
00110 00100000 010. congregato pro aliquibus serviciis qne 10011 ad honorem
00100010110011011. 00010101011110 (1011001001 (10 (1000110 00100010 pp. x pro
01110111 (1001110.

1110110111 0010101000011. - boll. 01111110.

Prima 0010001 quod (110111100101 0010000 111010111 (10 Ρ1101000 110 011
1101111110 000111. 0001001 omnes.

Ρ111000010001 qood 1111 (1οΡ1101000 possint 1101000111 100 0000 111
(0111100 0100110111010 0001 11000010 011101011010001110010, 011100 possint 0101

0101010 010010 00010010011, (0100100 possint 1000010011010 10 11000010 quibos ’

0100110111 010, (10111001100110 01110101111110 011001 personas 00011100 quibus 10-
00100011011001, (0011011011 (1011011111 (10 1111110 officialium, utnon 0000101 00111-
11111. 111 qnod (10110010011111 10 001110 inanibus 101101 0100111010100101010
10001001 00111101οι11 1011010111 (00001101).

Sorouda 0010 001 qood 1111 (10 Prisrono possint 1101000111 100 snos, 111
(01111110 010 0100110111, (010100 01010110110001 0011110111100111010110111 0011111010.
00010ον 11011. 110.

 

